ewm_vol_baseline=0.096986
baseline_vol_pct=0.096986
ewm_vol_init=1
gov_ewm_fast=4660.138268
gov_ewm_slow=4660.090140
gov_ewm_init=1
saved_ts=1775148572
