ewm_vol_baseline=0.070686
baseline_vol_pct=0.070686
ewm_vol_init=1
gov_ewm_fast=4655.305405
gov_ewm_slow=4654.967795
gov_ewm_init=1
saved_ts=1775153925
