ewm_vol_baseline=0.110897
baseline_vol_pct=0.110897
ewm_vol_init=1
gov_ewm_fast=4662.353679
gov_ewm_slow=4665.395980
gov_ewm_init=1
saved_ts=1775148271
