ewm_vol_baseline=0.138796
baseline_vol_pct=0.138796
ewm_vol_init=1
gov_ewm_fast=4662.179158
gov_ewm_slow=4658.589938
gov_ewm_init=1
saved_ts=1775147670
