ewm_vol_baseline=0.143516
baseline_vol_pct=0.143516
ewm_vol_init=1
gov_ewm_fast=4671.539694
gov_ewm_slow=4672.545144
gov_ewm_init=1
saved_ts=1775157954
