ewm_vol_baseline=0.094749
baseline_vol_pct=0.094749
ewm_vol_init=1
gov_ewm_fast=4647.775926
gov_ewm_slow=4649.975065
gov_ewm_init=1
saved_ts=1775152361
