ewm_vol_baseline=0.056073
baseline_vol_pct=0.056073
ewm_vol_init=1
gov_ewm_fast=4803.709496
gov_ewm_slow=4804.425551
gov_ewm_init=1
saved_ts=1776738978
