ewm_vol_baseline=0.045604
baseline_vol_pct=0.045604
ewm_vol_init=1
gov_ewm_fast=4804.140863
gov_ewm_slow=4805.225944
gov_ewm_init=1
saved_ts=1776738678
