ewm_vol_baseline=0.039336
baseline_vol_pct=0.039336
ewm_vol_init=1
gov_ewm_fast=4806.994059
gov_ewm_slow=4806.638736
gov_ewm_init=1
saved_ts=1776739579
