ewm_vol_baseline=0.049001
baseline_vol_pct=0.049001
ewm_vol_init=1
gov_ewm_fast=4667.512753
gov_ewm_slow=4667.154051
gov_ewm_init=1
saved_ts=1775159217
