ewm_vol_baseline=0.078610
baseline_vol_pct=0.078610
ewm_vol_init=1
gov_ewm_fast=4677.140000
gov_ewm_slow=4677.087872
gov_ewm_init=1
saved_ts=1775202330
