ewm_vol_baseline=0.068106
baseline_vol_pct=0.068106
ewm_vol_init=1
gov_ewm_fast=4670.902874
gov_ewm_slow=4670.608477
gov_ewm_init=1
saved_ts=1775161981
