ewm_vol_baseline=0.093487
baseline_vol_pct=0.093487
ewm_vol_init=1
gov_ewm_fast=4661.916057
gov_ewm_slow=4661.308947
gov_ewm_init=1
saved_ts=1775155489
