ewm_vol_baseline=0.076465
baseline_vol_pct=0.076465
ewm_vol_init=1
gov_ewm_fast=4671.918938
gov_ewm_slow=4670.992672
gov_ewm_init=1
saved_ts=1775159518
