ewm_vol_baseline=0.215837
baseline_vol_pct=0.215837
ewm_vol_init=1
gov_ewm_fast=4647.759025
gov_ewm_slow=4644.196691
gov_ewm_init=1
saved_ts=1775138288
