ewm_vol_baseline=0.116483
baseline_vol_pct=0.116483
ewm_vol_init=1
gov_ewm_fast=4654.539208
gov_ewm_slow=4653.565982
gov_ewm_init=1
saved_ts=1775146407
