ewm_vol_baseline=0.086650
baseline_vol_pct=0.086650
ewm_vol_init=1
gov_ewm_fast=4600.057823
gov_ewm_slow=4601.136250
gov_ewm_init=1
saved_ts=1775131071
