ewm_vol_baseline=0.080200
baseline_vol_pct=0.080200
ewm_vol_init=1
gov_ewm_fast=4677.140000
gov_ewm_slow=4677.085193
gov_ewm_init=1
saved_ts=1775201729
