ewm_vol_baseline=0.081821
baseline_vol_pct=0.081821
ewm_vol_init=1
gov_ewm_fast=4677.140000
gov_ewm_slow=4677.082375
gov_ewm_init=1
saved_ts=1775201129
