ewm_vol_baseline=0.096658
baseline_vol_pct=0.096658
ewm_vol_init=1
gov_ewm_fast=4625.537027
gov_ewm_slow=4625.393477
gov_ewm_init=1
saved_ts=1775132936
