ewm_vol_baseline=0.099292
baseline_vol_pct=0.099292
ewm_vol_init=1
gov_ewm_fast=4677.159988
gov_ewm_slow=4676.739060
gov_ewm_init=1
saved_ts=1775166071
