ewm_vol_baseline=0.074143
baseline_vol_pct=0.074143
ewm_vol_init=1
gov_ewm_fast=4673.567576
gov_ewm_slow=4674.124491
gov_ewm_init=1
saved_ts=1775159818
