ewm_vol_baseline=0.096331
baseline_vol_pct=0.096331
ewm_vol_init=1
gov_ewm_fast=4673.699245
gov_ewm_slow=4672.800296
gov_ewm_init=1
saved_ts=1775144181
