ewm_vol_baseline=0.086539
baseline_vol_pct=0.086539
ewm_vol_init=1
gov_ewm_fast=4677.140000
gov_ewm_slow=4677.047228
gov_ewm_init=1
saved_ts=1775191221
