ewm_vol_baseline=0.213322
baseline_vol_pct=0.213322
ewm_vol_init=1
gov_ewm_fast=4656.568923
gov_ewm_slow=4656.112906
gov_ewm_init=1
saved_ts=1775139490
