ewm_vol_baseline=0.132396
baseline_vol_pct=0.132396
ewm_vol_init=1
gov_ewm_fast=4664.528912
gov_ewm_slow=4663.177309
gov_ewm_init=1
saved_ts=1775140452
