ewm_vol_baseline=0.067914
baseline_vol_pct=0.067914
ewm_vol_init=1
gov_ewm_fast=4654.460897
gov_ewm_slow=4654.759088
gov_ewm_init=1
saved_ts=1775154225
