ewm_vol_baseline=0.128363
baseline_vol_pct=0.128363
ewm_vol_init=1
gov_ewm_fast=4670.084122
gov_ewm_slow=4666.120958
gov_ewm_init=1
saved_ts=1775148873
