ewm_vol_baseline=0.153979
baseline_vol_pct=0.153979
ewm_vol_init=1
gov_ewm_fast=4670.532361
gov_ewm_slow=4669.018172
gov_ewm_init=1
saved_ts=1775139852
