ewm_vol_baseline=0.155778
baseline_vol_pct=0.155778
ewm_vol_init=1
gov_ewm_fast=4627.197065
gov_ewm_slow=4626.555374
gov_ewm_init=1
saved_ts=1775132634
