ewm_vol_baseline=0.056717
baseline_vol_pct=0.056717
ewm_vol_init=1
gov_ewm_fast=4672.288820
gov_ewm_slow=4673.606713
gov_ewm_init=1
saved_ts=1775161079
