ewm_vol_baseline=0.145629
baseline_vol_pct=0.145629
ewm_vol_init=1
gov_ewm_fast=4592.366388
gov_ewm_slow=4591.103659
gov_ewm_init=1
saved_ts=1775135761
