ewm_vol_baseline=0.089714
baseline_vol_pct=0.089714
ewm_vol_init=1
gov_ewm_fast=4677.140011
gov_ewm_slow=4676.947137
gov_ewm_init=1
saved_ts=1775179368
