ewm_vol_baseline=0.090072
baseline_vol_pct=0.090072
ewm_vol_init=1
gov_ewm_fast=4658.860285
gov_ewm_slow=4660.495594
gov_ewm_init=1
saved_ts=1775149234
