ewm_vol_baseline=0.101360
baseline_vol_pct=0.101360
ewm_vol_init=1
gov_ewm_fast=4677.201780
gov_ewm_slow=4676.692315
gov_ewm_init=1
saved_ts=1775164809
