ewm_vol_baseline=0.160459
baseline_vol_pct=0.160459
ewm_vol_init=1
gov_ewm_fast=4681.894807
gov_ewm_slow=4683.669469
gov_ewm_init=1
saved_ts=1775142016
