ewm_vol_baseline=0.146639
baseline_vol_pct=0.146639
ewm_vol_init=1
gov_ewm_fast=4663.724577
gov_ewm_slow=4663.899770
gov_ewm_init=1
saved_ts=1775140152
