ewm_vol_baseline=0.219516
baseline_vol_pct=0.219516
ewm_vol_init=1
gov_ewm_fast=4601.442862
gov_ewm_slow=4596.378451
gov_ewm_init=1
saved_ts=1775137325
