ewm_vol_baseline=0.086555
baseline_vol_pct=0.086555
ewm_vol_init=1
gov_ewm_fast=4670.220476
gov_ewm_slow=4669.831243
gov_ewm_init=1
saved_ts=1775163244
