ewm_vol_baseline=0.178894
baseline_vol_pct=0.178894
ewm_vol_init=1
gov_ewm_fast=4609.612747
gov_ewm_slow=4611.457405
gov_ewm_init=1
saved_ts=1775129549
