ewm_vol_baseline=0.210301
baseline_vol_pct=0.210301
ewm_vol_init=1
gov_ewm_fast=4613.185498
gov_ewm_slow=4609.476164
gov_ewm_init=1
saved_ts=1775137627
