ewm_vol_baseline=0.067562
baseline_vol_pct=0.067562
ewm_vol_init=1
gov_ewm_fast=4747.747491
gov_ewm_slow=4748.655722
gov_ewm_init=1
saved_ts=1775867366
