ewm_vol_baseline=0.209655
baseline_vol_pct=0.209655
ewm_vol_init=1
gov_ewm_fast=4635.263037
gov_ewm_slow=4636.087267
gov_ewm_init=1
saved_ts=1775137927
