ewm_vol_baseline=0.154244
baseline_vol_pct=0.154244
ewm_vol_init=1
gov_ewm_fast=4654.613733
gov_ewm_slow=4657.059658
gov_ewm_init=1
saved_ts=1775145445
