ewm_vol_baseline=0.100221
baseline_vol_pct=0.100221
ewm_vol_init=1
gov_ewm_fast=4677.173384
gov_ewm_slow=4676.718450
gov_ewm_init=1
saved_ts=1775165470
