ewm_vol_baseline=0.178405
baseline_vol_pct=0.178405
ewm_vol_init=1
gov_ewm_fast=4604.944828
gov_ewm_slow=4604.400161
gov_ewm_init=1
saved_ts=1775136725
