ewm_vol_baseline=0.260978
baseline_vol_pct=0.260978
ewm_vol_init=1
gov_ewm_fast=4637.410717
gov_ewm_slow=4638.281740
gov_ewm_init=1
saved_ts=1775138588
