ewm_vol_baseline=0.069188
baseline_vol_pct=0.069188
ewm_vol_init=1
gov_ewm_fast=4629.543900
gov_ewm_slow=4628.134854
gov_ewm_init=1
saved_ts=1775124540
