ewm_vol_baseline=0.218238
baseline_vol_pct=0.218238
ewm_vol_init=1
gov_ewm_fast=4587.179556
gov_ewm_slow=4587.058357
gov_ewm_init=1
saved_ts=1775136363
