ewm_vol_baseline=0.086180
baseline_vol_pct=0.086180
ewm_vol_init=1
gov_ewm_fast=4655.398389
gov_ewm_slow=4655.769943
gov_ewm_init=1
saved_ts=1775152000
