ewm_vol_baseline=0.102722
baseline_vol_pct=0.102722
ewm_vol_init=1
gov_ewm_fast=4677.280369
gov_ewm_slow=4676.654932
gov_ewm_init=1
saved_ts=1775163906
