ewm_vol_baseline=0.174985
baseline_vol_pct=0.174985
ewm_vol_init=1
gov_ewm_fast=4666.103482
gov_ewm_slow=4667.079314
gov_ewm_init=1
saved_ts=1775143280
