ewm_vol_baseline=0.000000
baseline_vol_pct=0.000000
ewm_vol_init=0
gov_ewm_fast=4677.140000
gov_ewm_slow=4677.140000
gov_ewm_init=1
saved_ts=1775269833
