ewm_vol_baseline=0.110122
baseline_vol_pct=0.110122
ewm_vol_init=1
gov_ewm_fast=4666.965778
gov_ewm_slow=4666.256577
gov_ewm_init=1
saved_ts=1775144543
