ewm_vol_baseline=0.047920
baseline_vol_pct=0.047920
ewm_vol_init=1
gov_ewm_fast=4806.034304
gov_ewm_slow=4806.849822
gov_ewm_init=1
saved_ts=1776738300
