ewm_vol_baseline=0.094493
baseline_vol_pct=0.094493
ewm_vol_init=1
gov_ewm_fast=4613.269022
gov_ewm_slow=4611.899050
gov_ewm_init=1
saved_ts=1775436057
